   1.367838414508E+001   8.892066079175E-005   2.692000000000E+000   1.213838601112E+001
   2.953593852331E+001   2.881024611218E+000   6.316000000000E+000   2.079693007469E+001
   4.670310099048E+001   4.492888268254E+000   8.732000000000E+000   2.662469005585E+001
   6.394823956574E+001   6.290705613739E+000   1.508000000000E+001   4.290337014198E+001
   8.138106510240E+001   7.990252876071E+000   1.842000000000E+001   5.282068300247E+001
   9.851527208243E+001   9.665335276057E+000   2.184800000000E+001   6.177881908417E+001
   1.156535958150E+002   1.135489453717E+001   2.493600000000E+001   7.100754094124E+001
   1.318608676487E+002   1.316122714077E+001   2.899200000000E+001   8.183719801903E+001
   1.482253850901E+002   1.461229570074E+001   3.372800000000E+001   9.282046794891E+001
   1.631347296057E+002   1.613965234948E+001   3.931200000000E+001   1.038304419518E+002
   1.779312398569E+002   1.764178320314E+001   4.322400000000E+001   1.117749090195E+002
   1.915633249904E+002   1.885228170722E+001   4.852400000000E+001   1.226694359779E+002
   2.043971886418E+002   2.021573861023E+001   5.488800000000E+001   1.345226011276E+002
   2.160600893893E+002   2.125316877070E+001   5.889200000000E+001   1.421711289883E+002
   2.269463776198E+002   2.263514088925E+001   6.392400000000E+001   1.528176910877E+002
   2.372084110953E+002   2.353945867783E+001   7.178000000000E+001   1.694196710587E+002
   2.461243329741E+002   2.432653302821E+001   8.036800000000E+001   1.866083250046E+002
   2.537963572955E+002   2.501042339144E+001   8.497600000000E+001   1.972454121113E+002
   2.604370822694E+002   2.584525451330E+001   9.042400000000E+001   2.138159310818E+002
   2.662595564799E+002   2.635258477188E+001   9.824800000000E+001   2.354160931110E+002
   2.709548096198E+002   2.697021996739E+001   1.041800000000E+002   2.495557429790E+002
   2.747237306482E+002   2.730072864757E+001   1.117240000000E+002   2.656449141502E+002
   2.773924514950E+002   2.753480694269E+001   1.200680000000E+002   2.833536639214E+002
   2.789872605384E+002   2.767476810277E+001   1.254600000000E+002   2.950529620647E+002
   2.795257917582E+002   2.772200327740E+001   1.317960000000E+002   3.085030400753E+002
   2.790200409086E+002   2.768695226212E+001   1.340840000000E+002   3.131167161465E+002
   2.774459541033E+002   2.753951121693E+001   1.423960000000E+002   3.305540280342E+002
   2.748095143297E+002   2.730977439516E+001   1.478880000000E+002   3.411118021011E+002
   2.710617263972E+002   2.697965391436E+001   1.566200000000E+002   3.578023240566E+002
   2.661764270770E+002   2.655149357827E+001   1.637560000000E+002   3.734570939541E+002
   2.605977004787E+002   2.585452058118E+001   1.697120000000E+002   3.860672669411E+002
   2.535847236026E+002   2.523784070727E+001   1.770640000000E+002   4.013516900539E+002
   2.463364460929E+002   2.434876973836E+001   1.815560000000E+002   4.101703710556E+002
   2.374509704572E+002   2.356082887212E+001   1.884640000000E+002   4.239919099808E+002
   2.272240145701E+002   2.265959343113E+001   1.967040000000E+002   4.405223710537E+002
   2.163246507381E+002   2.147038981371E+001   2.012280000000E+002   4.510905530453E+002
   2.047102601996E+002   2.024349195768E+001   2.083320000000E+002   4.672286429405E+002
   1.916418861788E+002   1.908645920945E+001   2.143920000000E+002   4.795809121132E+002
   1.782962984656E+002   1.767521300431E+001   2.179440000000E+002   4.876678879261E+002
   1.631908339018E+002   1.633591857141E+001   2.232840000000E+002   4.999848730564E+002
   1.486202204831E+002   1.464735565741E+001   2.287000000000E+002   5.123745679855E+002
   1.322958352974E+002   1.319973816013E+001   2.335520000000E+002   5.227239849567E+002
   1.160766634181E+002   1.139212933106E+001   2.374000000000E+002   5.315738050938E+002
   9.863213685582E+001   9.857414185009E+000   2.403160000000E+002   5.375224809647E+002
   8.182362667046E+001   8.029415361491E+000   2.436760000000E+002   5.441343359947E+002
   6.439859802453E+001   6.330252582033E+000   2.532520000000E+002   5.665714869499E+002
   4.677841481785E+001   4.641532538655E+000   2.569320000000E+002   5.742539529800E+002
   2.997072123163E+001   2.918581137390E+000   2.600880000000E+002   5.811955380440E+002
   1.387866921086E+001   1.320246475563E+000   2.623800000000E+002   5.868480129242E+002
   3.444168733200E-002   2.296291639943E-003   2.655840000000E+002   5.935862059593E+002
  -2.017828985676E-002   9.253651946935E-003   2.672760000000E+002   5.975518951416E+002
  -8.330127242137E-007   6.783591085840E-008   2.688080000000E+002   6.010666120052E+002
  -8.199438172643E-007   6.677944069876E-008   2.701640000000E+002   6.049244220257E+002
  -8.005144970112E-007   6.520689183236E-008   2.716920000000E+002   6.080861480236E+002
  -7.750331317847E-007   6.314670103982E-008   2.733200000000E+002   6.114043481350E+002
  -7.439045117857E-007   6.062812824883E-008   2.748680000000E+002   6.148988361359E+002
  -7.076244772715E-007   5.769255213753E-008   2.763520000000E+002   6.184058051109E+002
  -6.667639529933E-007   5.438493718236E-008   2.777840000000E+002   6.216724140644E+002
  -6.219784557025E-007   5.075809758062E-008   2.791840000000E+002   6.251754109859E+002
  -5.739721909812E-007   4.688516272784E-008   2.805800000000E+002   6.286960270405E+002
  -5.235130128315E-007   4.285298491783E-008   2.820800000000E+002   6.319999561310E+002
  -4.714026990082E-007   3.868136709253E-008   2.836280000000E+002   6.352569921017E+002
  -4.184648324904E-007   3.445206851838E-008   2.852160000000E+002   6.385049009323E+002
  -3.655465796149E-007   3.027485194893E-008   2.867920000000E+002   6.417051661015E+002
  -3.134892189839E-007   2.621240246345E-008   2.883240000000E+002   6.450756270885E+002
  -2.631259569899E-007   2.231396733629E-008   2.898520000000E+002   6.482588701248E+002
  -7.699435930676E-004   2.212973676068E-003   2.910080000000E+002   6.506726100445E+002
  -6.870923775000E-004   1.974902470143E-003   2.921040000000E+002   6.529213619232E+002
  -6.015369536503E-004   1.729045389607E-003   2.931720000000E+002   6.552896461487E+002
  -5.136150016753E-004   1.476371713827E-003   2.942440000000E+002   6.576232540607E+002
  -4.236735879489E-004   1.217877651234E-003   2.953440000000E+002   6.600324029922E+002
  -3.320676690409E-004   9.545823337075E-004   2.965480000000E+002   6.624420990944E+002
  -2.391587288422E-004   6.875238408098E-004   2.976320000000E+002   6.647510330677E+002
  -1.453132864317E-004   4.177550611532E-004   2.986880000000E+002   6.672076690197E+002
  -5.090148489221E-005   1.463395883194E-004   2.997200000000E+002   6.698821439743E+002
   4.371277948209E-005   1.256556154770E-004   3.007240000000E+002   6.725813460350E+002
   1.381578743658E-004   3.971587727797E-004   3.017800000000E+002   6.751961100101E+002
   2.320517167336E-004   6.670958962367E-004   3.029880000000E+002   6.776318199635E+002
   3.250242752932E-004   9.344027554572E-004   3.041640000000E+002   6.800700139999E+002
   4.167092358880E-004   1.198025484196E-003   3.053120000000E+002   6.826028780937E+002
   5.067454146960E-004   1.456924747909E-003   3.064760000000E+002   6.851219921112E+002
   5.947782146538E-004   1.710079843473E-003   3.075280000000E+002   6.874634630680E+002
   6.804609787222E-004   1.956492697555E-003   3.086600000000E+002   6.898105969429E+002
  -2.281437909501E-007   2.608661309009E-008   3.101440000000E+002   6.930147089958E+002
  -2.775116172135E-007   3.080384813593E-008   3.117760000000E+002   6.962355899811E+002
  -3.293692709303E-007   3.567789907498E-008   3.133960000000E+002   6.995486819744E+002
  -3.828936713859E-007   4.064020408435E-008   3.149400000000E+002   7.027374179363E+002
  -4.372635810578E-007   4.562941112946E-008   3.165240000000E+002   7.061039209366E+002
  -4.916255006750E-007   5.056941964005E-008   3.180360000000E+002   7.097515289783E+002
  -5.451301917804E-007   5.539774137936E-008   3.194680000000E+002   7.130287990570E+002
  -5.969474551317E-007   6.004059780864E-008   3.209920000000E+002   7.165273010731E+002
  -6.462611890987E-007   6.443622488964E-008   3.225520000000E+002   7.198997681141E+002
  -6.923058318457E-007   6.852212006380E-008   3.240480000000E+002   7.230415530205E+002
  -7.343604400682E-007   7.223869866071E-008   3.255840000000E+002   7.265874919891E+002
  -7.717666117673E-007   7.553404160034E-008   3.272960000000E+002   7.304476201534E+002
  -8.039406292026E-007   7.836143447270E-008   3.287480000000E+002   7.339377541542E+002
  -8.303787273451E-007   8.069079961566E-008   3.304280000000E+002   7.376364309788E+002
  -8.506680733716E-007   8.248355011723E-008   3.320720000000E+002   7.410484709740E+002
  -8.644911323122E-007   8.370379631156E-008   3.336280000000E+002   7.440903561115E+002
  -8.716310971553E-007   8.433390149499E-008   3.350600000000E+002   7.470389490128E+002
